ComboBox1,0.007731959,0.03212435,0.06237113,0.02072539,
Label16,0.01958763,0.009326424,0.02731959,0.01243523,
Button1,0.1190722,0.1160622,0.06907216,0.0642487,
TextBox11,0.1350515,0.6683938,0.4474227,0.1813471,
TextBox10,0.1350515,0.2797928,0.4474227,0.1875648,
TextBox9,0.1690722,0.5896373,0.7324742,0.07979275,
TextBox8,0.7804124,0.5005181,0.121134,0.09015544,
TextBox6,0.7170103,0.5005181,0.06391753,0.09015544,
TextBox5,0.4262887,0.5005181,0.1252577,0.09015544,
TextBox4,0.3443299,0.5005181,0.08247422,0.09015544,
TextBox3,0.2680412,0.5005181,0.07680412,0.09015544,
TextBox2,0.1690722,0.5005181,0.09948453,0.09015544,
TextBox1,0.01340206,0.5005181,0.1561856,0.09015544,
Label36,0.06082474,0.6818653,0.01494845,0.01243523,
Label37,0.06082474,0.7264249,0.03969072,0.01243523,
Label38,0.06082474,0.7709845,0.02731959,0.01243523,
Label39,0.06082474,0.8155441,0.03969072,0.01243523,
Label35,0.06082474,0.292228,0.01494845,0.01243523,
Label34,0.06082474,0.334715,0.03969072,0.01243523,
Label33,0.06082474,0.3792746,0.02731959,0.01243523,
Label32,0.06082474,0.4217617,0.03969072,0.01243523,
Label31,0.5917526,0.7056995,0.008762887,0.0746114,
Label30,0.0443299,0.2797928,0.5381444,0.1875648,
Label29,0.01958763,0.7056995,0.008762887,0.06217616,
Label28,0.0443299,0.6683938,0.5381444,0.1813471,
Label26,0.06597938,0.6124352,0.0371134,0.01658031,
val,0.5510309,0.5005181,0.1664948,0.09015544,
Comment,0.6139175,0.6683938,0.2876289,0.1813471,
Label15,0.2953608,0.4746114,0.01494845,0.01243523,
Label24,0.736598,0.4746114,0.01494845,0.01243523,
Label23,0.627835,0.4746114,0.01494845,0.01243523,
Label22,0.8324742,0.4746114,0.01494845,0.01243523,
Label21,0.7170103,0.4663212,0.06391753,0.1243523,
Label12,0.2005155,0.4746114,0.02731959,0.01243523,
Label8,0.2680412,0.4663212,0.07680412,0.1243523,
Label13,0.0257732,0.4746114,0.07680412,0.01243523,
Label11,0.4768041,0.4746114,0.01494845,0.01243523,
Label17,0.01958763,0.3253886,0.008762887,0.06217616,
Label4,0.3726804,0.4746114,0.01494845,0.01243523,
Checker,0.7768041,0.1865285,0.1180412,0.02694301,
Label9,0.6984536,0.1906736,0.03608247,0.01968912,
Label7,0.536598,0.08082902,0.03092784,0.02590674,
Exp,0.8407217,0.8880829,0.06082474,0.06010363,
confirm,0.7479382,0.8880829,0.06082474,0.05803109,
Label5,0.3448454,0.08082902,0.03092784,0.02590674,
datep,0.7768041,0.1388601,0.1180412,0.02694301,
taxId,0.7768041,0.09637306,0.1180412,0.02694301,
taxNum,0.7768041,0.04870466,0.1180412,0.02694301,
Label3,0.6984536,0.1492228,0.04587629,0.01968912,
Label2,0.6984536,0.1056995,0.04587629,0.01968912,
Label1,0.6984536,0.05906736,0.04587629,0.01968912,
taxcb,0.3943299,0.08082902,0.1412371,0.02487047,
Label6,0.01340206,0.2797928,0.8881443,0.1875648,
Label20,0.4262887,0.4663212,0.1252577,0.1243523,
Label25,0.01340206,0.465285,0.1561856,0.1253886,
Label19,0.01340206,0.4663212,0.8881443,0.1243523,
Label18,0.01340206,0.5896373,0.8881443,0.07979275,
Label10,0.01340206,0.6683938,0.8881443,0.1813471,
